4018
205
45
4137
515
574
2935
977
2741
2371
3723
2335
858
3813
98
1856
4097
3745
619
3379
2916
34
3419
874
455
2400
624
67
2521
4143
3728
2206
3652
310
169
444
817
1401
120
1666
193
3453
713
302
153
3037
844
335
885
664
93
158
3990
4103
458
142
4195
4171
182
686
616
589
544
3984
2575
2357
3464
697
2263
777
4108
12
1101
4148
223
3450
2875
541
66
822
2287
2411
216
4007
89
51
4061
1677
3717
925
2296
3857
84
2071
2946
833
3008
3793
638
1123
8
2375
689
400
73
1593
3106
2550
2431
2291
2523
1035
3739
307
3701
981
501
276
1086
4020
3930
2164
1161
164
170
1108
425
2559
2460
78
2597
3908
1538
3883
526
794
649
2667
1558
675
2561
2186
3654
2442
461
3674
324
2183
3449
3461
175
19
313
918
3876
724
362
265
806
2662
100
23
847
2429
1518
62
552
321
2696
2656
2210
3143
580
2201
1340
1529
537
4175
135
3973
896
128
2925
4
1718
2494
2475
869
121
3374
343
523
829
88
1751
1131
421
702
450
1003
2101
77
415
40
770
3669
1535
3411
534
3840
2132
1621
2013
985
593
674
2280
318
378
418
2736
2583
1082
373
3692
4029
762
1042
469
2041
4024
1104
2657
2464
4151
990
721
2553
2511
2663
1786
284
1060
4179
2109
1115
4046
2549
475
931
295
944
2518
716
1020
320
2063
1012
743
1078
4064
1080
717
1205
481
3059
2202
3999
15
2767
549
269
920
1027
1154
1120
486
1797
11
104
2756
1134
892
851
2538
556
9
141
3860
139
1071
1126
3681
2083
802
3808
3463
132
2786
2857
3897
870
746
751
3631
2147
1112
201
3679
2437
44
825
3763
236
385
578
2363
2367
2378
1334
117
904
273
2564
908
1118
567
3427
2302
2404
197
966
2336
613
3150
2770
2086
919
739
936
2285
787
287
3456
668
3416
1053
3900
3385
2709
1183
3871
627
3915
466
4132
585
2143
540
4169
1143
291
948
1301
866
3787
262
2313
470
1150
3434
186
1957
2500
4115
769
4068
2140
2298
227
250
399
2415
3026
1543
4104
2469
392
855
588
22
56
2458
2614
3642
55
2105
602
393
163
4142
3931
2222
26
224
1057
3399
821
1156
1534
1017
1192
303
134
843
3384
3942
244
3909
4008
962
50
3974
4102
4174
3459
123
2191
390
750
639
617
3046
1142
3660
2630
174
410
361
382
3465
2273
68
242
2584
166
61
776
2345
107
928
356
217
736
2134
328
3024
13
3038
3678
2975
509
46
4178
255
728
3377
877
516
859
949
296
3966
99
3746
177
606
1153
3920
714
816
2159
24
848
2339
3985
805
3988
2119
527
2450
209
888
459
661
1145
155
899
3653
94
1132
609
1148
83
917
2370
1265
2284
970
2517
414
3790
4030
0
35
314
2895
903
233
635
306
754
1121
725
772
2661
2468
731
2011
192
1107
398
426
1164
279
1248
3761
553
2477
761
4060
341
152
3858
2668
3420
3142
3851
781
2108
583
3810
2761
2138
231
1079
599
5
873
2848
3918
545
992
350
1592
4098
940
103
2110
72
1036
268
548
980
387
3713
500
10
3635
3392
2414
2120
801
850
812
2556
3116
2331
3982
4031
3843
4083
3705
2669
2545
2548
665
634
159
4045
1114
2982
2295
1046
59
353
932
144
87
1125
2115
913
3720
703
742
1077
2591
3841
550
3806
1081
718
2403
1034
237
263
3877
4034
256
1136
3925
375
1052
1880
3645
2664
48
2172
2391
3854
4125
281
601
1063
3731
2422
403
1023
996
2433
4168
476
422
21
116
3817
2131
2360
956
2419
984
76
909
419
854
228
1400
3727
4105
2678
1085
2444
967
1045
4114
2707
270
2342
138
3847
989
54
2834
511
559
3149
2047
2104
530
1158
2562
628
188
978
747
592
1201
473
408
2675
43
1070
1302
3936
2766
3369
487
508
561
729
653
65
1497
2580
910
2658
3060
1110
612
3863
71
4127
642
57
935
605
924
213
3455
2718
1056
285
3922
2924
108
259
202
691
1251
826
3138
4065
2526
3742
4116
364
1024
32
185
2563
1269
4173
445
2135
297
1141
4066
80
2870
2454
219
2185
2310
428
1152
360
4040
1218
2708
2759
3892
586
1037
775
845
834
1545
234
820
1058
3667
252
645
1009
137
579
923
510
898
4054
568
4016
82
876
636
49
2192
596
979
6
413
3725
1099
2552
4099
2111
987
4038
557
1336
957
1634
1048
4033
532
241
36
968
2541
3740
386
3714
3976
906
2585
1088
4182
815
3989
565
1157
3370
300
2435
938
3967
2088
2279
737
3109
337
3383
39
3414
785
656
4120
286
140
1117
1146
1179
582
954
2354
878
409
912
991
1203
2338
2355
864
173
17
1122
3997
745
799
1908
267
695
771
394
290
221
2783
25
3699
2413
3747
60
397
3986
2788
658
2451
554
208
2144
698
14
2124
2682
2710
1716
133
3719
3421
3855
3141
3852
47
1133
823
647
2606
4139
856
2349
521
391
122
872
687
3791
309
2365
1106
111
2177
102
2478
1664
31
96
69
503
162
3634
2462
463
442
2344
278
764
2166
191
2010
456
934
151
2772
819
245
842
3923
662
95
1682
2301
950
1149
1062
625
1109
3736
2294
190
995
1022
322
2528
405
58
368
145
2432
477
315
916
2311
184
2359
2350
741
483
3365
2323
264
795
1911
4106
257
3730
439
2417
2833
1934
64
2654
571
2343
3028
730
853
3644
3864
53
1138
2784
961
539
389
694
2305
203
2199
3633
780
3895
525
249
42
1567
827
528
3811
683
75
2592
2369
246
517
2300
560
2487
2566
3638
2193
2334
195
972
3768
467
2282
1163
376
1040
723
308
2555
2332
1926
1540
2476
1047
760
3432
452
3023
2544
2693
3992
756
666
2665
293
4177
1790
189
767
149
354
690
20
2250
1010
326
1073
178
357
1076
891
430
260
3709
365
311
488
1025
1589
27
1065
2491
4041
804
849
734
1014
3394
3061
1111
2220
3721
70
542
210
927
4001
2394
514
266
2568
1159
810
1399
3827
591
564
402
712
3934
3743
1595
38
3413
3805
3842
4172
238
672
371
2443
81
3853
2163
3710
1084
652
4113
791
4145
1044
2581
2659
167
3932
2316
271
976
2410
304
1095
2599
333
4153
1596
3741
633
416
3418
282
1055
3458
3387
778
2347
1102
4021
587
2713
2699
3910
198
2390
277
283
2399
3695
937
338
3640
922
699
3979
3687
3655
2297
3676
871
294
998
4057
474
947
3983
986
482
4067
558
2112
1019
506
160
1049
2362
562
969
531
3715
4039
118
2264
187
395
846
748
171
4028
165
443
235
2412
4078
814
374
708
3848
3666
2129
1008
663
4176
92
1266
677
462
3935
2600
2587
446
637
573
2519
412
520
125
3726
3378
18
2184
489
621
2764
363
2152
427
261
696
655
438
2582
3651
464
101
1162
1956
247
319
942
258
2670
1105
551
933
194
1098
719
4129
154
1127
615
570
3144
838
3856
581
2789
4053
220
2498
1764
660
2070
3799
30
4170
2136
7
857
535
824
688
352
143
863
331
2430
2176
130
218
875
502
982
2387
3994
4100
1087
2165
2449
818
222
3867
1059
272
3729
496
251
3845
882
2529
2613
3940
3907
457
359
4089
207
524
2681
2125
897
3718
3972
2560
3673
1116
29
1016
471
1124
2720
41
911
1579
744
905
2401
4084
2292
3637
168
2565
105
1135
3428
2398
1542
763
3748
555
468
2655
547
63
684
2716
3468
211
232
722
150
2666
3022
1139
755
3462
1054
654
204
4166
2304
3916
2495
3375
3737
342
953
1021
2966
420
323
1097
828
3700
3107
614
3136
74
3412
839
518
243
3998
1026
4118
3859
1155
800
2203
4107
3711
226
797
1015
1083
366
893
2782
2602
2073
305
1043
971
852
91
3417
3114
3147
453
2102
2293
52
960
4047
4101
3451
85
626
172
584
715
3406
451
930
1130
355
643
1011
1144
3665
316
1000
2774
915
2516
380
796
4025
1064
566
4050
1090
440
3691
774
2366
610
999
3764
377
424
3151
2181
334
3643
131
401
640
1597
4014
726
786
3991
1050
229
3632
830
3872
3707
2351
2806
1676
2146
2130
693
766
200
327
779
2315
1734
2314
1151
2470
4063
2490
629
3364
370
1119
1402
28
1482
803
2196
2288
2489
1703
301
2340
119
3722
3861
2459
1882
2821
2510
2286
576
161
632
2157
1341
4049
2151
417
136
157
3659
2605
2543
2546
749
2501
752
709
2677
811
2557
1113
3789
711
1140
1004
2117
3946
1788
577
358
3788
3804
2611
2688
2377
3879
2141
